xremen01
Datum: 19.10.1941
ZP1: 24343 52540 33283 54330 21363 03425 35031 92442 19290 72444 43070 73402 34423 02141 07243 13440 40424 44102 40070 70324 19334 01936 07403 61921
ZP2: 02293 50740 30422 43133 24323 01926 36191 94234 23073 34044 34074 23444 35242 43103 07353 44040 24424 02902 21072 41907 24293 93407 31404 32936
ZP3: 42363 02419 34073 40342 19292 32407 40343 53419 30191 93236 24191 93521 36354 41907 44243 83834 07312 43439 07072 13624 44313 63507 19293 01944
ZP4: 30353 64025 24034 01936 07073 62030 29364 02307 07212 43229 31342 42535 24401 93536 42342 93024 33433 52407 19342 13035 41300 73834 43400 74124
ZP5: 43401 92438 24073 13007 32293 60729 40212 40203 41360 73103 39424 33936 21250 72332 07340 73524 34343 43531 19353 62423 29383 62843 02324 24407
ZP6: 33443 13807 07070 74243 09352 43229 24243 82432 19070 74338 39342 43340 22392 44319 02293 02418 28014 23143 29363 61903 24313 63334 30033 63433
ZP7: 32360 73543 24364 43529 07192 42307 33073 64329 38353 43524 34214 03843 35363 83623 22403 82424 42353 54207 19300 73133 19070 73624 38440 71907
ZP8: 07232 10724 19313 61935 21403 54407 07303 63524 19073 02044 24341 93019 38323 32435 42382 94324 07403 44024 07382 10732 24343 62424 35344 03436
